75001,32.960047, -96.838522
75002,33.089854, -96.608600
75006,32.962141, -96.898585
75007,33.005262, -96.896742
75009,33.338899, -96.752977
75010,33.050164, -96.874540
75013,33.114327, -96.693964
75019,32.963417, -96.984664
75020,33.770785, -96.604061
75021,33.727126, -96.470794
75022,33.034890, -97.124906
75023,33.056756, -96.730831
75024,33.075422, -96.802686
75025,33.090085, -96.740008
75028,33.032710, -97.060070
75032,32.857112, -96.431210
75034,33.146638, -96.855822
75035,33.163130, -96.790193
75038,32.874776, -96.996862
75039,32.885612, -96.942661
75040,32.928902, -96.619782
75041,32.880196, -96.651555
75042,32.911702, -96.674838
75043,32.857447, -96.575798
75044,32.964607, -96.649686
75048,32.968973, -96.580671
75050,32.773069, -97.005227
75051,32.729440, -96.996462
75052,32.664953, -97.024692
75054,32.591210, -97.039429
75056,33.070183, -96.917772
75057,33.050725, -96.974623
75058,33.450768, -96.742245
75060,32.796483, -96.954806
75061,32.825907, -96.966915
75062,32.847370, -96.957871
75063,32.920430, -96.986323
75065,33.110351, -97.005469
75067,33.013546, -97.000160
75068,33.177062, -96.950292
75069,33.179984, -96.585712
75070,33.171916, -96.696296
75071,33.245817, -96.630720
75074,33.031561, -96.673164
75075,33.021268, -96.741558
75076,33.800706, -96.725999
75077,33.081178, -97.060924
75078,33.241758, -96.811855
75080,32.976063, -96.742080
75081,32.948918, -96.709719
75082,32.991557, -96.663063
75087,32.943901, -96.452875
75088,32.897841, -96.550370
75089,32.936586, -96.551566
75090,33.604131, -96.550405
75092,33.652101, -96.700254
75093,33.034224, -96.811608
75094,33.021794, -96.615481
75098,33.012135, -96.534936
75101,32.270032, -96.702494
75102,32.057938, -96.632547
75103,32.516876, -95.883622
75104,32.580181, -96.964675
75105,32.263010, -96.387663
75109,32.042784, -96.343757
75110,32.084915, -96.528172
75114,32.610575, -96.444256
75115,32.599427, -96.864075
75116,32.660660, -96.911882
75117,32.715013, -95.854461
75119,32.325881, -96.588238
75124,32.326026, -95.974056
75125,32.536700, -96.621747
75126,32.743178, -96.454900
75127,32.690295, -95.789932
75132,32.945748, -96.373883
75134,32.617663, -96.778058
75135,33.066345, -96.221437
75137,32.643212, -96.916468
75140,32.646573, -95.687531
75141,32.637333, -96.697609
75142,32.568163, -96.250214
75143,32.366686, -96.245039
75144,32.108388, -96.207955
75146,32.564518, -96.752223
75147,32.436676, -96.079558
75148,32.126221, -96.024130
75149,32.773369, -96.618811
75150,32.817399, -96.630416
75152,32.439871, -96.678051
75153,32.158265, -96.329632
75154,32.521773, -96.807315
75155,32.229113, -96.475509
75156,32.277759, -96.105332
75157,32.464756, -96.439520
75158,32.462831, -96.402131
75159,32.604543, -96.543537
75160,32.758408, -96.301323
75161,32.738471, -96.169166
75163,32.166584, -96.118820
75164,33.065971, -96.308737
75165,32.372201, -96.784944
75166,33.013047, -96.453887
75167,32.360829, -96.915523
75169,32.703269, -95.994666
75172,32.605177, -96.674317
75173,33.061737, -96.395825
75180,32.716606, -96.620087
75181,32.723893, -96.555804
75182,32.800521, -96.547575
75189,32.942051, -96.311660
75201,32.787760, -96.799427
75202,32.779253, -96.804768
75203,32.746823, -96.802681
75204,32.802127, -96.788853
75205,32.835893, -96.795514
75206,32.831279, -96.771191
75207,32.786796, -96.819971
75208,32.753141, -96.839613
75209,32.848310, -96.825474
75210,32.770635, -96.746362
75211,32.736986, -96.907815
75212,32.781246, -96.878831
75214,32.828494, -96.745968
75215,32.750602, -96.756846
75216,32.711324, -96.781215
75217,32.710306, -96.678549
75218,32.841987, -96.702574
75219,32.811813, -96.812898
75220,32.868529, -96.876118
75223,32.792244, -96.744003
75224,32.711405, -96.838591
75225,32.864887, -96.790359
75226,32.782826, -96.776443
75227,32.766810, -96.686900
75228,32.824924, -96.679438
75229,32.893295, -96.864339
75230,32.902679, -96.793393
75231,32.873485, -96.747539
75232,32.660862, -96.840948
75233,32.703913, -96.871889
75234,32.923189, -96.891721
75235,32.832614, -96.849082
75236,32.676397, -96.936798
75237,32.665617, -96.873056
75238,32.878497, -96.707819
75240,32.930338, -96.787496
75241,32.665447, -96.759451
75243,32.912633, -96.736637
75244,32.925367, -96.836334
75246,32.792496, -96.772763
75247,32.813735, -96.883667
75248,32.969699, -96.797334
75249,32.636069, -96.964600
75251,32.919789, -96.770948
75252,32.997373, -96.788213
75253,32.674426, -96.609228
75254,32.944116, -96.800090
75270,32.781197, -96.802229
75287,32.999309, -96.841688
75390,32.814164, -96.840650
75401,33.189002, -96.108829
75402,33.068291, -96.084372
75407,33.153143, -96.471422
75409,33.355500, -96.516313
75410,32.790203, -95.631982
75411,33.866542, -95.639723
75412,33.801868, -95.151966
75413,33.441440, -96.179163
75414,33.623645, -96.427867
75415,33.462218, -95.757461
75416,33.683869, -95.344733
75417,33.439658, -95.140371
75418,33.571922, -96.170962
75420,33.052795, -95.721230
75421,33.661952, -95.731361
75422,33.141400, -95.934195
75423,33.284390, -96.200388
75424,33.321715, -96.378507
75426,33.663063, -94.997258
75428,33.271869, -95.917415
75431,33.014190, -95.460935
75432,33.397601, -95.681769
75433,33.098096, -95.803234
75435,33.482646, -95.320088
75436,33.713765, -95.240033
75437,33.261225, -95.472420
75438,33.615571, -96.072162
75439,33.553520, -96.282897
75440,32.881155, -95.747763
75441,33.427656, -95.642911
75442,33.174219, -96.356004
75446,33.615167, -95.900109
75447,33.776751, -96.109370
75448,33.316269, -95.788968
75449,33.420872, -95.945707
75450,33.402250, -95.483203
75451,32.965772, -95.127063
75452,33.402226, -96.238570
75453,32.988834, -95.911355
75454,33.285645, -96.564818
75455,33.216220, -94.979111
75457,33.168595, -95.215150
75459,33.532620, -96.671495
75460,33.655540, -95.605040
75462,33.624551, -95.490113
75468,33.502170, -95.402880
75469,33.421409, -95.810604
75470,33.576823, -95.809701
75471,33.056806, -95.373518
75472,32.884423, -95.869602
75473,33.815579, -95.488005
75474,32.924200, -96.109811
75475,33.474893, -96.238246
75476,33.708311, -96.240654
75477,33.529909, -95.738073
75478,33.176532, -95.358602
75479,33.618238, -96.333077
75480,33.024585, -95.197134
75481,33.320015, -95.373479
75482,33.167979, -95.608219
75486,33.745236, -95.744327
75487,33.334851, -95.161500
75488,33.778767, -95.996778
75489,33.519251, -96.484322
75490,33.438031, -96.308280
75491,33.486324, -96.395930
75492,33.584371, -95.993541
75493,33.146015, -95.107952
75494,32.917192, -95.259860
75495,33.439195, -96.546841
75496,33.349615, -96.057939
75497,32.924728, -95.568154
75501,33.371831, -94.139813
75503,33.511784, -94.133888
75550,33.498221, -94.890845
75551,33.119332, -94.220491
75554,33.553515, -94.780261
75555,32.939200, -94.142287
75556,33.154789, -94.062407
75558,33.241961, -94.857848
75559,33.503694, -94.627358
75560,33.185033, -94.363930
75561,33.516756, -94.281559
75562,32.925399, -94.248447
75563,33.002696, -94.383454
75565,32.926794, -94.071475
75566,33.148176, -94.491749
75567,33.310991, -94.311711
75568,33.193211, -94.587279
75569,33.441822, -94.128587
75570,33.459236, -94.438723
75571,33.207019, -94.773630
75572,33.225893, -94.127695
75573,33.348136, -94.229045
75574,33.325004, -94.550659
75601,32.508560, -94.724049
75602,32.449598, -94.666048
75603,32.403050, -94.711174
75604,32.509164, -94.824416
75605,32.582243, -94.725529
75630,32.867555, -94.549488
75631,32.249318, -94.453220
75633,32.138496, -94.274156
75638,33.020475, -94.729699
75639,32.293824, -94.169679
75640,32.708417, -94.683181
75641,32.378409, -94.575786
75642,32.371536, -94.176599
75643,32.019371, -94.361907
75644,32.791213, -94.999846
75645,32.688692, -94.871843
75647,32.514634, -94.953287
75650,32.513277, -94.548846
75651,32.664407, -94.538189
75652,32.239409, -94.728328
75654,32.077773, -94.830130
75656,33.011304, -94.572161
75657,32.794973, -94.310306
75661,32.631317, -94.171261
75662,32.384458, -94.870169
75667,31.988175, -94.844274
75668,32.907075, -94.678637
75669,32.038799, -94.575880
75670,32.569858, -94.418658
75672,32.468303, -94.299079
75681,31.925449, -94.704029
75682,32.250339, -94.936535
75683,32.826816, -94.737224
75684,32.277021, -94.937156
75686,32.965131, -94.951917
75691,32.311917, -94.551752
75692,32.470839, -94.118039
75693,32.533780, -94.860660
75701,32.321937, -95.302223
75702,32.362434, -95.315262
75703,32.235097, -95.320779
75704,32.413107, -95.443348
75705,32.362631, -95.086688
75706,32.469555, -95.307879
75707,32.301709, -95.177976
75708,32.418412, -95.213070
75709,32.304313, -95.390940
75750,32.267540, -95.077715
75751,32.094348, -95.906047
75752,32.244008, -95.807608
75754,32.427978, -95.661983
75755,32.641695, -95.075624
75756,32.302029, -95.600894
75757,32.110453, -95.348074
75758,32.271436, -95.521442
75759,32.035939, -95.418796
75760,31.796249, -94.854340
75762,32.218319, -95.413426
75763,32.042754, -95.523388
75764,31.895427, -95.143720
75765,32.642043, -95.234859
75766,31.944675, -95.256775
75770,32.158557, -95.643712
75771,32.537897, -95.435716
75773,32.681453, -95.447702
75778,32.300926, -95.709837
75779,31.863226, -95.484612
75780,31.991020, -95.091844
75783,32.816432, -95.424745
75784,31.872135, -94.974153
75785,31.775416, -95.196572
75788,31.825939, -94.925873
75789,32.109512, -95.094194
75790,32.535169, -95.643977
75791,32.221577, -95.220644
75792,32.481968, -95.106672
75801,31.734462, -95.531204
75803,31.881777, -95.679494
75831,31.473667, -96.009365
75832,31.932016, -95.980741
75833,31.268635, -95.843907
75835,31.284891, -95.490625
75838,31.478900, -96.229757
75839,31.606693, -95.583340
75840,31.782559, -96.093621
75844,31.513801, -95.437616
75845,31.087456, -95.076849
75846,31.328853, -96.152369
75847,31.356209, -95.152898
75848,31.765240, -96.329922
75849,31.417411, -95.481647
75850,31.135677, -95.935045
75851,31.092367, -95.499937
75852,30.959521, -95.715509
75853,31.946873, -95.814467
75855,31.557331, -95.863641
75856,31.188898, -95.255739
75858,31.390774, -95.126654
75859,31.893076, -96.236904
75860,31.611350, -96.238051
75861,31.851579, -95.888459
75862,30.964728, -95.325895
75901,31.301675, -94.641408
75904,31.340748, -94.826230
75925,31.614855, -95.062493
75926,31.248085, -94.969099
75928,30.671395, -93.711340
75929,31.245162, -94.175514
75930,31.318961, -94.032164
75931,31.113664, -94.021385
75932,31.056147, -93.615655
75933,30.553812, -93.812696
75934,30.894878, -94.759082
75935,31.732513, -94.191290
75936,30.952076, -94.579622
75937,31.465322, -94.367317
75938,30.940517, -94.353640
75939,31.013779, -94.797420
75941,31.187072, -94.758803
75942,30.815166, -94.430587
75943,31.627694, -94.910971
75944,31.354095, -94.387680
75946,31.819320, -94.520617
75948,31.307588, -93.784102
75949,31.229843, -94.509183
75951,30.934425, -94.059578
75954,31.904341, -94.048094
75956,30.676367, -93.983120
75959,31.512307, -93.861732
75960,30.912856, -94.865672
75961,31.558362, -94.504771
75962,31.619873, -94.647080
75964,31.631742, -94.740721
75965,31.723324, -94.628592
75966,30.827969, -93.714446
75968,31.252156, -93.954016
75969,31.445713, -94.887599
75972,31.483597, -94.131501
75973,31.712048, -93.942239
75974,31.958364, -94.239838
75975,31.897138, -94.413785
75976,31.527552, -94.925270
75977,31.065029, -93.786624
75978,31.509051, -94.527216
75979,30.748559, -94.389120
75980,31.138382, -94.375214
76001,32.635563, -97.148829
76002,32.621861, -97.093485
76006,32.784931, -97.099915
76008,32.695708, -97.631482
76009,32.414937, -97.200076
76010,32.722819, -97.080286
76011,32.754272, -97.083196
76012,32.755130, -97.139242
76013,32.719328, -97.155028
76014,32.692105, -97.086517
76015,32.692186, -97.133304
76016,32.689222, -97.189130
76017,32.662513, -97.164024
76018,32.664590, -97.096476
76020,32.900196, -97.561179
76021,32.852971, -97.130443
76022,32.830657, -97.145158
76023,33.041942, -97.597083
76028,32.532677, -97.306547
76031,32.346162, -97.328078
76033,32.275189, -97.511185
76034,32.891787, -97.149641
76035,32.562049, -97.631487
76036,32.581023, -97.419617
76039,32.860285, -97.086028
76040,32.814107, -97.091323
76041,32.237671, -96.842047
76043,32.208483, -97.795247
76044,32.425936, -97.539874
76048,32.421697, -97.811051
76049,32.460255, -97.706784
76050,32.280895, -97.160931
76051,32.925765, -97.071545
76052,32.986137, -97.374691
76053,32.817200, -97.180586
76054,32.859410, -97.178636
76055,32.162541, -97.154810
76058,32.474087, -97.422013
76059,32.392588, -97.327540
76060,32.639649, -97.217476
76061,32.503973, -97.188374
76063,32.570740, -97.144837
76064,32.302367, -97.037219
76065,32.469410, -96.990665
76066,32.704456, -97.993148
76067,32.799602, -98.126806
76070,32.266142, -97.655142
76071,33.000870, -97.444484
76073,33.098727, -97.723422
76077,32.278261, -97.691539
76078,33.093365, -97.462793
76082,32.970044, -97.733748
76084,32.426322, -97.090328
76085,32.861345, -97.692173
76086,32.754964, -97.791085
76087,32.682609, -97.782556
76088,32.851310, -97.901635
76092,32.959875, -97.148437
76093,32.210496, -97.392571
76102,32.759104, -97.329756
76103,32.748947, -97.272638
76104,32.728688, -97.317801
76105,32.724047, -97.269432
76106,32.816684, -97.359633
76107,32.742058, -97.381730
76108,32.787541, -97.523790
76109,32.700650, -97.386965
76110,32.707831, -97.338265
76111,32.778499, -97.300112
76112,32.747426, -97.217658
76114,32.774494, -97.402276
76115,32.678500, -97.330511
76116,32.720723, -97.447033
76117,32.803436, -97.267376
76118,32.800434, -97.192762
76119,32.691147, -97.262625
76120,32.775915, -97.180963
76123,32.619311, -97.393958
76126,32.635870, -97.503481
76127,32.775409, -97.435599
76129,32.708639, -97.363495
76131,32.881807, -97.345956
76132,32.667539, -97.416806
76133,32.652918, -97.379538
76134,32.639179, -97.335350
76135,32.836325, -97.469908
76137,32.859685, -97.291523
76140,32.619927, -97.278066
76148,32.868421, -97.252132
76155,32.823993, -97.048687
76164,32.781100, -97.354585
76177,32.975361, -97.310486
76179,32.913522, -97.433835
76180,32.840011, -97.225295
76182,32.886201, -97.207731
76201,33.220974, -97.146038
76205,33.192632, -97.129266
76207,33.227850, -97.181823
76208,33.208630, -97.055409
76209,33.231552, -97.109871
76210,33.149467, -97.096016
76225,33.374041, -97.667809
76226,33.114714, -97.173909
76227,33.273603, -96.990042
76228,33.617910, -98.062664
76230,33.520572, -97.956120
76233,33.537706, -96.906575
76234,33.276319, -97.514178
76238,33.479016, -97.351845
76239,33.503014, -97.529509
76240,33.661602, -97.176369
76244,32.928037, -97.283914
76245,33.830932, -96.839764
76247,33.099993, -97.340499
76248,32.924005, -97.225146
76249,33.278823, -97.302310
76250,33.630166, -97.235756
76251,33.631922, -97.688998
76252,33.682081, -97.382855
76253,33.615855, -97.310834
76255,33.824710, -97.739095
76258,33.371113, -96.932411
76259,33.198704, -97.311628
76261,33.793074, -97.963802
76262,33.009335, -97.226720
76263,33.463256, -97.464706
76264,33.737974, -96.839543
76265,33.756731, -97.538116
76266,33.372878, -97.213247
76268,33.627623, -96.767396
76270,33.455656, -97.752881
76271,33.464637, -96.892763
76272,33.455973, -97.127134
76273,33.743893, -96.936121
76301,33.905559, -98.479935
76302,33.864528, -98.491011
76305,34.006193, -98.387687
76306,33.944942, -98.523592
76308,33.852942, -98.540730
76309,33.894923, -98.543742
76310,33.799085, -98.509840
76311,33.969544, -98.509023
76351,33.558025, -98.695427
76354,34.103277, -98.622462
76357,34.081265, -98.183817
76360,33.963477, -98.961142
76363,33.475952, -99.551825
76364,34.031967, -98.995374
76365,33.758490, -98.202251
76366,33.723849, -98.783672
76367,33.973300, -98.721094
76370,33.527396, -98.884782
76371,33.484962, -99.642707
76372,33.250203, -98.925556
76373,34.131688, -99.106624
76374,33.358656, -98.740056
76377,34.008318, -98.258589
76379,33.668239, -98.489118
76380,33.621147, -99.243768
76384,34.160345, -99.343426
76388,33.322836, -99.642126
76389,33.513047, -98.457317
76401,32.282235, -98.196717
76402,32.216328, -98.217166
76424,32.801213, -98.886980
76426,33.166041, -97.845101
76427,33.158189, -98.377664
76429,32.759373, -98.666449
76430,32.790131, -99.241840
76431,33.315883, -97.857678
76432,31.842565, -98.805134
76433,32.315739, -98.022849
76435,32.242637, -98.857140
76436,31.863402, -98.228103
76437,32.403542, -99.038804
76442,31.890896, -98.613096
76443,32.133830, -99.213349
76444,32.123480, -98.577273
76445,32.302818, -98.552383
76446,32.075301, -98.348620
76448,32.398455, -98.797824
76449,32.905155, -98.324359
76450,33.057759, -98.622222
76452,31.747542, -98.364392
76453,32.584194, -98.335694
76454,32.211850, -98.735794
76455,31.813332, -98.384478
76457,31.944662, -98.027972
76458,33.219589, -98.188154
76459,33.276426, -98.382374
76460,33.306457, -98.500273
76462,32.527015, -98.008849
76463,32.455408, -98.418168
76464,32.556004, -99.164736
76466,32.433309, -98.737420
76469,32.340927, -99.198503
76470,32.495875, -98.664020
76471,32.116953, -98.985140
76472,32.600503, -98.172760
76474,31.976523, -98.793857
76475,32.676032, -98.483070
76476,32.362649, -97.924354
76481,32.990420, -98.745490
76483,33.195202, -99.268024
76484,32.764096, -98.276879
76486,33.014639, -98.053190
76487,32.972482, -97.904879
76490,32.945471, -98.018901
76491,33.036872, -99.048807
76501,31.075303, -97.252433
76502,31.103931, -97.412020
76504,31.137886, -97.373653
76508,31.077568, -97.364064
76511,30.801782, -97.424411
76513,31.051688, -97.499909
76518,30.852653, -97.148898
76519,31.020832, -97.120690
76520,30.891129, -96.907601
76522,31.219045, -97.968224
76523,30.789254, -97.291628
76524,31.268644, -97.202495
76525,31.499723, -98.130640
76527,30.841795, -97.809699
76528,31.417316, -97.755931
76530,30.710857, -97.413885
76531,31.686814, -98.187029
76534,30.884328, -97.378812
76537,30.817401, -97.602900
76538,31.628871, -97.922097
76539,31.094009, -98.027339
76541,31.112884, -97.729602
76542,31.011816, -97.741880
76543,31.149208, -97.633196
76544,31.143642, -97.761047
76548,31.050856, -97.644625
76549,31.017077, -97.833092
76550,31.102393, -98.259362
76554,30.967958, -97.376916
76556,30.700385, -96.830550
76557,31.285086, -97.390061
76559,31.075955, -97.604369
76561,31.409518, -97.531134
76565,31.644769, -98.350878
76566,31.552440, -98.048509
76567,30.649554, -97.006117
76569,30.940183, -97.227023
76570,31.082267, -96.953514
76571,30.925736, -97.598650
76573,30.818633, -97.502485
76574,30.579327, -97.388622
76577,30.627232, -97.170250
76578,30.535409, -97.237170
76579,31.195905, -97.265253
76596,31.476843, -97.728445
76597,31.486416, -97.706884
76598,31.475320, -97.735455
76599,31.467983, -97.735272
76621,31.881728, -97.085410
76622,31.816191, -97.243292
76623,32.211123, -96.752827
76624,31.661047, -96.955129
76626,32.122997, -96.723082
76627,32.108512, -97.395815
76628,32.030464, -96.948850
76629,31.149750, -96.651785
76630,31.340818, -97.211155
76631,31.975524, -96.977168
76632,31.303293, -97.060163
76633,31.695095, -97.328822
76634,31.817062, -97.546568
76635,31.716290, -96.661428
76636,32.170752, -97.291476
76637,31.769003, -97.804426
76638,31.549983, -97.442651
76639,31.866953, -96.655804
76640,31.696619, -97.073707
76641,32.038687, -96.807932
76642,31.503056, -96.520013
76643,31.453501, -97.195339
76645,32.022461, -97.133361
76648,31.848600, -96.807359
76649,32.001589, -97.882698
76650,31.980079, -96.863626
76651,32.177710, -96.851184
76652,32.117538, -97.575601
76653,31.299588, -96.608952
76654,31.733766, -97.009725
76655,31.401145, -97.183101
76656,31.185096, -97.043667
76657,31.446184, -97.380488
76660,31.924604, -96.904503
76661,31.318386, -96.846019
76664,31.560686, -96.802657
76665,31.916215, -97.710123
76666,32.043976, -96.914580
76667,31.651982, -96.468387
76670,32.136018, -96.988963
76671,31.988449, -97.531227
76673,31.751025, -96.891756
76676,31.863748, -96.951488
76678,31.661096, -96.760043
76679,31.927546, -96.579359
76680,31.202131, -96.814363
76681,31.893446, -96.433731
76682,31.453378, -96.913619
76685,31.353546, -97.013740
76686,31.767574, -96.559327
76687,31.372916, -96.495028
76689,31.662159, -97.506079
76690,32.083642, -97.736491
76691,31.769854, -97.098169
76692,31.959701, -97.330421
76693,31.787657, -96.395087
76701,31.552011, -97.138200
76704,31.574722, -97.127134
76705,31.620914, -97.098526
76706,31.475671, -97.083854
76707,31.553876, -97.159082
76708,31.627123, -97.215893
76710,31.539723, -97.195009
76711,31.513756, -97.152983
76712,31.526544, -97.261231
76798,31.548378, -97.119061
76801,31.748303, -99.032891
76802,31.743506, -98.911447
76820,30.766987, -99.050013
76821,31.738576, -99.934162
76823,31.706204, -99.151374
76824,30.936768, -98.467066
76825,31.105959, -99.394226
76827,31.517913, -99.135467
76828,32.006167, -99.292204
76831,30.653746, -98.918266
76832,30.985777, -98.735535
76834,31.881335, -99.481164
76836,31.443363, -99.549127
76837,31.222792, -99.896165
76841,30.898116,-100.108450
76842,30.939820, -99.079893
76844,31.432854, -98.523070
76845,31.538066, -99.488185
76848,30.843122, -99.570053
76849,30.472352, -99.821506
76852,31.357441, -99.457184
76853,31.272122, -98.365338
76854,30.694786, -99.581344
76856,30.691484, -99.273312
76857,31.931233, -98.927404
76858,31.176951, -99.616412
76859,30.884365, -99.853990
76861,31.592014,-100.192581
76862,31.411505, -99.682323
76864,31.553975, -98.731107
76865,31.858516,-100.165338
76866,31.460967, -99.933766
76869,30.910963, -98.994062
76870,31.627357, -98.546717
76871,31.289123, -98.995473
76872,31.331919, -99.165902
76873,31.515316, -99.380601
76874,30.458670,-100.069150
76875,31.602931, -99.999545
76877,31.157097, -98.763988
76878,31.649138, -99.295378
76882,31.816904, -99.702274
76884,31.736902, -99.567791
76885,30.858957, -98.861313
76887,31.011897, -99.159484
76888,31.609899, -99.640490
76890,31.686677, -98.776277
76901,31.610896,-100.553311
76903,31.484819,-100.437870
76904,31.271515,-100.400625
76905,31.509724,-100.322077
76908,31.432075,-100.402169
76930,31.272551,-101.172783
76932,31.268726,-101.542078
76933,31.856368,-100.288351
76934,31.603063,-100.668988
76935,31.083442,-100.423683
76936,30.883194,-100.595683
76937,31.388546,-100.151449
76939,31.268843,-100.563525
76940,31.439035,-100.142932
76941,31.272382,-100.889468
76943,30.534314,-101.306407
76945,31.885049,-100.610567
76949,32.041140,-100.694580
76950,30.441414,-100.560620
76951,31.802748,-101.055625
76953,31.723768,-100.331902
76955,31.289523,-100.152670
76957,31.372148,-100.305160
76958,31.595106,-100.799358
77002,29.756845, -95.365652
77003,29.749778, -95.345885
77004,29.724893, -95.363752
77005,29.718435, -95.423555
77006,29.740970, -95.391301
77007,29.771545, -95.411083
77008,29.798249, -95.416933
77009,29.795344, -95.367590
77010,29.753624, -95.359810
77011,29.743217, -95.309110
77012,29.718525, -95.274137
77013,29.795268, -95.233977
77014,29.981209, -95.463971
77015,29.763930, -95.173121
77016,29.862532, -95.299980
77017,29.689824, -95.252393
77018,29.826448, -95.426267
77019,29.754150, -95.409498
77020,29.773179, -95.314327
77021,29.698430, -95.356900
77022,29.831590, -95.379554
77023,29.721825, -95.318275
77024,29.772179, -95.514203
77025,29.685706, -95.434764
77026,29.800187, -95.328888
77027,29.740079, -95.446409
77028,29.827869, -95.287485
77029,29.759665, -95.256251
77030,29.706787, -95.401748
77031,29.652205, -95.546230
77032,29.987805, -95.353412
77033,29.666880, -95.335133
77034,29.619510, -95.191644
77035,29.655503, -95.471663
77036,29.701847, -95.534537
77037,29.890360, -95.392527
77038,29.918595, -95.441194
77039,29.911171, -95.341182
77040,29.874575, -95.527099
77041,29.858600, -95.580768
77042,29.741325, -95.560254
77043,29.810930, -95.584639
77044,29.906616, -95.180608
77045,29.635793, -95.432889
77046,29.733777, -95.433346
77047,29.610650, -95.386863
77048,29.618714, -95.324221
77049,29.832928, -95.149040
77050,29.902887, -95.269296
77051,29.656113, -95.378696
77053,29.583542, -95.460693
77054,29.680250, -95.404913
77055,29.796871, -95.491650
77056,29.748202, -95.468948
77057,29.744081, -95.487974
77058,29.561579, -95.099626
77059,29.613602, -95.119370
77060,29.935512, -95.397624
77061,29.647023, -95.276656
77062,29.573552, -95.130613
77063,29.736295, -95.523292
77064,29.918045, -95.535685
77065,29.926473, -95.603790
77066,29.957234, -95.503258
77067,29.952629, -95.446609
77068,30.007063, -95.488362
77069,29.988455, -95.531200
77070,29.979648, -95.572877
77071,29.651728, -95.519919
77072,29.699688, -95.584817
77073,29.999166, -95.400119
77074,29.687947, -95.515725
77075,29.620420, -95.268939
77076,29.860021, -95.382184
77077,29.750233, -95.615383
77078,29.852397, -95.254100
77079,29.776093, -95.603037
77080,29.815894, -95.522885
77081,29.712099, -95.480935
77082,29.724490, -95.640002
77083,29.694395, -95.649569
77084,29.827486, -95.659920
77085,29.620509, -95.485333
77086,29.919035, -95.491607
77087,29.686519, -95.303917
77088,29.881487, -95.452619
77089,29.586959, -95.225601
77090,30.008240, -95.438996
77091,29.853067, -95.435966
77092,29.830024, -95.474409
77093,29.863400, -95.341409
77094,29.769285, -95.681292
77095,29.909513, -95.651476
77096,29.675339, -95.479372
77098,29.734813, -95.416098
77099,29.670869, -95.585990
77201,29.766003, -95.364364
77301,30.307375, -95.438548
77302,30.222077, -95.338869
77303,30.377952, -95.377140
77304,30.327760, -95.516045
77306,30.285840, -95.312397
77316,30.306163, -95.686390
77318,30.438807, -95.533229
77320,30.804668, -95.550872
77326,30.504882, -94.817018
77327,30.318169, -94.915716
77328,30.392374, -95.191181
77331,30.633963, -95.161912
77334,30.781834, -95.373441
77335,30.574473, -94.911179
77336,30.063168, -95.098858
77338,30.017301, -95.286217
77339,30.046777, -95.221022
77340,30.640200, -95.538432
77342,30.740381, -95.555832
77345,30.053105, -95.157943
77346,29.994499, -95.177499
77350,30.824427, -94.833454
77351,30.717792, -94.817231
77354,30.216858, -95.647214
77355,30.156257, -95.749260
77356,30.465662, -95.729888
77357,30.161065, -95.189809
77358,30.558321, -95.436252
77359,30.751892, -95.301591
77360,30.846249, -95.117513
77362,30.160534, -95.669154
77363,30.316397, -95.849990
77364,30.773047, -95.215467
77365,30.106737, -95.297150
77367,30.857073, -95.397796
77368,30.443806, -94.822546
77369,30.421815, -94.735330
77371,30.483532, -94.989562
77372,30.238010, -95.164460
77373,30.062169, -95.383966
77374,30.396003, -94.623750
77375,30.094886, -95.585830
77376,30.443771, -94.663769
77377,30.061727, -95.681504
77378,30.471374, -95.363872
77379,30.040876, -95.528914
77380,30.136972, -95.468360
77381,30.178248, -95.500960
77382,30.194968, -95.548190
77384,30.233845, -95.495681
77385,30.186277, -95.410662
77386,30.100255, -95.356479
77388,30.057802, -95.470985
77389,30.123469, -95.517064
77396,29.945205, -95.259778
77401,29.704019, -95.460905
77406,29.646090, -95.794526
77407,29.670004, -95.708089
77412,29.553502, -96.411936
77414,28.908185, -95.868152
77415,28.933093, -95.734948
77417,29.464406, -95.966234
77418,29.987117, -96.252942
77419,28.849599, -96.256786
77420,29.258985, -95.930309
77422,28.960572, -95.558277
77423,29.856778, -95.977311
77426,30.122300, -96.258442
77428,28.623423, -96.189925
77429,29.998421, -95.667360
77430,29.259878, -95.667662
77432,29.067417, -96.188569
77433,29.934371, -95.747578
77434,29.527955, -96.305185
77435,29.515694, -96.121026
77436,29.419067, -96.238492
77437,29.212328, -96.280585
77440,28.894647, -96.147768
77441,29.670458, -95.922251
77442,29.422281, -96.506236
77443,29.349096, -96.191821
77444,29.286377, -95.777811
77445,30.101838, -96.059366
77446,30.086827, -95.990481
77447,30.047619, -95.833733
77448,29.416447, -96.085418
77449,29.837572, -95.733754
77450,29.745247, -95.741783
77451,29.435055, -96.004540
77453,29.213766, -95.999923
77454,29.520234, -96.198122
77455,29.132072, -96.428441
77456,29.040018, -96.060809
77457,28.730987, -95.882466
77458,28.951217, -96.237096
77459,29.529038, -95.523532
77460,29.397447, -96.384508
77461,29.383068, -95.806472
77464,29.592427, -95.955277
77465,28.763461, -96.230400
77466,29.792687, -96.012215
77467,29.201173, -96.101539
77468,29.132669, -95.941090
77469,29.482678, -95.680186
77470,29.537157, -96.546208
77471,29.548404, -95.861706
77473,29.795148, -96.107713
77474,29.780109, -96.181158
77475,29.488624, -96.652467
77476,29.687606, -95.952260
77477,29.624261, -95.568033
77478,29.620312, -95.605693
77479,29.566996, -95.636016
77480,29.086319, -95.766667
77481,29.473418, -95.558148
77482,29.092714, -95.903493
77483,28.788475, -95.839228
77484,30.079431, -95.932255
77485,29.632734, -96.055105
77486,29.160441, -95.691989
77488,29.307215, -96.091291
77489,29.600434, -95.515549
77493,29.853215, -95.831456
77494,29.740677, -95.829652
77498,29.643591, -95.653255
77502,29.679518, -95.199783
77503,29.703477, -95.158895
77504,29.647916, -95.189780
77505,29.645646, -95.140307
77506,29.713919, -95.199702
77507,29.624554, -95.063488
77510,29.362409, -95.087396
77511,29.380858, -95.241857
77514,29.700296, -94.603226
77515,29.174921, -95.450088
77517,29.364468, -95.131078
77518,29.507162, -94.987247
77519,30.218325, -94.575063
77520,29.733275, -94.994118
77521,29.802461, -94.970322
77523,29.789523, -94.859125
77530,29.785907, -95.117207
77531,29.046833, -95.392183
77532,29.932872, -95.057187
77533,30.087167, -94.599575
77534,29.231528, -95.314319
77535,30.054493, -94.922090
77536,29.698461, -95.121268
77538,29.975277, -94.523235
77539,29.452190, -95.027849
77541,29.021218, -95.278251
77545,29.537301, -95.474615
77546,29.515074, -95.192133
77547,29.735876, -95.238178
77550,29.310535, -94.775768
77551,29.278188, -94.833290
77554,29.253166, -94.924652
77560,29.870622, -94.602137
77561,30.166506, -94.735446
77562,29.834034, -95.051267
77563,29.303629, -95.032416
77564,30.180866, -94.664855
77565,29.535935, -95.026393
77566,29.052739, -95.474351
77568,29.363162, -94.980107
77571,29.688459, -95.057379
77573,29.503785, -95.087300
77575,30.075658, -94.733441
77577,29.284496, -95.281587
77578,29.482095, -95.362192
77580,29.874143, -94.856891
77581,29.561554, -95.279739
77583,29.381094, -95.469320
77584,29.545041, -95.350629
77585,30.295238, -94.524753
77586,29.583816, -95.036166
77587,29.661032, -95.229784
77590,29.391397, -94.920149
77591,29.399536, -94.996939
77597,29.836205, -94.702009
77598,29.539422, -95.134995
77611,30.014440, -93.828241
77612,30.402074, -93.922367
77613,30.052046, -94.360766
77614,30.299774, -93.772977
77615,30.327002, -94.051956
77616,30.569783, -94.182466
77617,29.507196, -94.518429
77619,29.947516, -93.918571
77622,29.862143, -94.288429
77623,29.561256, -94.414021
77624,30.685013, -94.291805
77625,30.377234, -94.373937
77627,29.986791, -94.009416
77629,29.979840, -94.403073
77630,30.067062, -93.868581
77632,30.201442, -93.804542
77640,29.881613, -93.940858
77642,29.958020, -93.891921
77650,29.426496, -94.685696
77651,29.985971, -93.955847
77655,29.710502, -93.937850
77656,30.414774, -94.173656
77657,30.227897, -94.197036
77659,30.171444, -94.432275
77660,30.649823, -94.140750
77661,29.751627, -94.420716
77662,30.177924, -94.018171
77663,30.513226, -94.394328
77664,30.601435, -94.413805
77665,29.812999, -94.416117
77701,30.073053, -94.105486
77702,30.086269, -94.128303
77703,30.145966, -94.126696
77705,29.898029, -94.161175
77706,30.102243, -94.173445
77707,30.053431, -94.170654
77708,30.146124, -94.160613
77713,30.071005, -94.252135
77801,30.639285, -96.362454
77802,30.661252, -96.322614
77803,30.681053, -96.386067
77807,30.677687, -96.483601
77808,30.797736, -96.312084
77830,30.530294, -96.013037
77831,30.726709, -95.903880
77833,30.215075, -96.410272
77835,30.193586, -96.588051
77836,30.541565, -96.676232
77837,31.003109, -96.688981
77840,30.609093, -96.325984
77845,30.561385, -96.272583
77853,30.354823, -96.840158
77855,31.133325, -96.136815
77856,31.075823, -96.425784
77857,30.785247, -96.706056
77859,30.871914, -96.526934
77861,30.721716, -96.109298
77864,30.953672, -95.905344
77865,31.235882, -96.229280
77867,30.743004, -96.548436
77868,30.365776, -96.046420
77871,31.064168, -96.126849
77872,30.879380, -96.138959
77873,30.564947, -95.800223
77876,30.600186, -95.875351
77878,30.471289, -96.438138
77879,30.398612, -96.497852
77880,30.286936, -96.189365
77901,28.804947, -96.984711
77904,28.938252, -97.020350
77905,28.731379, -97.042716
77950,28.291992, -96.898424
77951,28.634388, -96.901049
77954,29.097035, -97.282413
77957,29.042415, -96.689715
77960,28.676730, -97.198682
77961,28.857880, -96.353868
77962,29.020933, -96.489810
77963,28.652457, -97.405775
77964,29.378839, -96.834601
77968,28.905028, -96.829368
77969,28.775164, -96.658931
77970,28.846631, -96.428807
77971,28.833262, -96.521612
77973,28.543661, -96.971090
77974,28.896922, -97.321741
77975,29.559671, -97.081874
77976,28.954115, -97.122655
77977,28.695562, -96.794157
77978,28.667111, -96.570992
77979,28.609718, -96.609368
77982,28.444644, -96.491788
77983,28.441719, -96.579574
77984,29.453329, -97.191865
77987,29.342572, -97.075651
77988,28.839050, -96.889623
77990,28.484891, -96.924908
77991,28.798662, -96.614555
77993,28.857734, -97.428562
77994,29.178194, -97.471550
77995,29.202324, -97.076306
78001,28.291719, -99.213215
78002,29.283750, -98.737693
78003,29.707222, -99.095171
78004,29.903262, -98.556446
78005,28.941736, -98.851298
78006,29.858550, -98.703353
78007,28.498000, -98.368762
78008,28.703692, -98.263517
78009,29.357251, -98.886655
78010,29.902772, -99.037882
78011,28.790915, -98.717634
78012,28.764536, -98.485960
78013,29.972311, -98.904698
78014,28.371399, -99.135335
78015,29.742957, -98.651509
78016,29.171580, -98.967448
78017,28.711947, -99.177422
78019,28.041684, -99.399193
78021,28.496731, -98.827726
78022,28.257475, -98.143051
78023,29.609914, -98.746764
78024,30.043922, -99.515501
78025,30.081841, -99.282981
78026,28.821017, -98.610076
78027,29.969074, -98.539209
78028,30.036565, -99.163069
78029,30.159136, -99.345011
78039,29.312148, -98.834802
78040,27.513811, -99.502143
78041,27.545398, -99.462022
78043,27.554788, -99.265533
78044,27.751747, -99.126085
78045,27.833815, -99.681424
78046,27.373696, -99.346761
78050,29.070547, -98.481810
78052,29.203679, -98.776694
78055,29.830348, -99.331352
78056,29.537033, -98.933944
78057,29.037278, -99.001103
78058,30.095115, -99.628211
78059,29.199686, -98.840984
78060,28.446801, -98.107053
78061,28.888446, -99.141465
78063,29.689692, -98.911216
78064,28.935779, -98.428996
78065,29.079849, -98.642309
78066,29.501055, -98.853494
78067,27.128042, -99.331147
78069,29.179375, -98.670026
78070,29.893745, -98.391104
78071,28.470281, -98.226391
78072,28.310347, -98.573186
78073,29.243915, -98.622442
78075,28.626039, -98.377249
78076,26.930929, -99.162765
78101,29.353553, -98.238308
78102,28.407712, -97.710620
78104,28.522541, -97.761958
78107,28.568278, -97.579237
78108,29.570142, -98.217800
78109,29.487774, -98.291474
78112,29.185854, -98.395272
78113,28.867033, -98.240425
78114,29.114718, -98.208661
78116,29.102258, -97.743874
78117,28.938338, -97.923572
78118,28.800642, -98.062937
78119,28.733411, -97.894958
78121,29.350393, -98.107030
78122,29.428917, -97.735834
78123,29.600453, -98.047576
78124,29.557266, -98.146886
78125,28.540900, -97.957001
78130,29.693556, -98.072850
78132,29.758817, -98.191068
78133,29.889085, -98.244624
78140,29.333756, -97.765502
78141,28.914138, -97.632623
78142,28.536632, -97.810515
78143,29.258710, -97.851241
78144,28.951208, -97.892578
78145,28.645184, -97.994125
78146,28.603142, -97.838545
78147,29.073446, -98.080406
78148,29.543813, -98.295356
78150,29.525969, -98.277499
78151,28.864482, -97.705273
78152,29.436590, -98.205116
78154,29.547159, -98.262598
78155,29.542743, -97.937075
78159,29.231774, -97.590672
78160,29.252842, -97.927233
78161,29.293499, -98.057016
78162,28.589961, -97.773497
78163,29.769466, -98.453225
78164,28.982560, -97.520734
78201,29.468413, -98.528889
78202,29.428169, -98.460881
78203,29.415100, -98.459123
78204,29.404404, -98.505028
78205,29.423945, -98.486420
78207,29.422124, -98.525978
78208,29.439930, -98.458718
78209,29.488906, -98.456235
78210,29.395776, -98.464401
78211,29.342550, -98.570024
78212,29.464611, -98.493653
78213,29.516395, -98.523017
78214,29.324786, -98.470039
78215,29.441230, -98.480515
78216,29.537264, -98.487882
78217,29.538074, -98.415198
78218,29.490048, -98.397135
78219,29.446661, -98.387393
78220,29.418151, -98.394314
78221,29.298776, -98.483212
78222,29.354940, -98.371889
78223,29.311940, -98.391006
78224,29.306228, -98.530819
78225,29.387990, -98.526028
78226,29.383778, -98.569940
78227,29.406624, -98.630303
78228,29.460646, -98.571279
78229,29.501861, -98.569302
78230,29.546515, -98.557207
78231,29.578541, -98.541904
78232,29.588638, -98.474585
78233,29.555818, -98.361905
78234,29.460597, -98.438554
78235,29.345246, -98.443874
78236,29.391283, -98.618734
78237,29.421133, -98.570938
78238,29.471773, -98.617679
78239,29.518637, -98.362961
78240,29.525020, -98.606564
78242,29.350400, -98.607054
78243,29.370752, -98.593203
78244,29.474147, -98.348083
78245,29.401093, -98.730806
78247,29.585862, -98.406811
78248,29.590028, -98.525262
78249,29.565311, -98.612104
78250,29.502729, -98.664897
78251,29.462006, -98.676785
78252,29.341337, -98.705628
78253,29.469011, -98.797801
78254,29.539126, -98.725885
78255,29.651922, -98.656362
78256,29.622289, -98.626164
78257,29.660485, -98.583454
78258,29.634097, -98.497426
78259,29.627214, -98.427068
78260,29.697453, -98.486728
78261,29.689580, -98.402411
78263,29.363661, -98.304351
78264,29.193205, -98.490787
78266,29.650534, -98.338421
78330,27.742626, -97.915651
78332,27.724860, -98.134831
78335,27.873028, -97.092196
78336,27.926913, -97.177776
78338,26.911014, -97.773774
78339,27.805059, -97.792233
78340,28.120701, -97.196890
78341,27.634419, -98.496692
78342,27.659920, -98.075720
78343,27.622119, -97.751430
78344,27.480039, -98.864746
78349,27.373485, -98.285472
78351,27.673154, -97.759701
78352,27.962924, -97.679027
78353,26.880517, -98.216213
78355,27.194074, -98.207295
78357,27.836017, -98.628776
78358,28.067949, -97.042232
78359,27.923560, -97.287078
78361,27.100448, -98.789966
78362,27.850145, -97.203259
78363,27.444204, -97.865597
78368,28.103445, -97.808184
78369,27.365130, -98.996708
78370,27.948148, -97.598697
78371,27.615256, -98.946373
78372,27.987983, -98.066980
78373,27.777437, -97.114983
78374,27.892132, -97.384238
78375,27.396310, -98.171285
78376,27.421353, -98.514272
78377,28.350360, -97.156332
78379,27.306614, -97.780427
78380,27.791253, -97.742139
78382,28.132627, -97.062070
78383,28.093161, -97.962915
78384,27.849558, -98.385775
78385,27.139357, -97.901370
78387,28.121595, -97.553008
78389,28.246302, -97.650811
78390,27.997261, -97.327442
78391,28.179576, -97.708393
78393,28.187118, -97.382226
78401,27.797802, -97.399067
78402,27.819419, -97.392456
78404,27.768022, -97.399136
78405,27.774249, -97.438774
78406,27.771238, -97.518793
78407,27.810698, -97.440395
78408,27.794998, -97.446858
78409,27.809478, -97.522896
78410,27.838247, -97.596306
78411,27.729894, -97.385247
78412,27.703573, -97.345045
78413,27.683192, -97.406176
78414,27.662537, -97.371357
78415,27.657870, -97.479816
78416,27.752024, -97.436507
78417,27.739629, -97.466806
78418,27.627121, -97.269242
78419,27.695151, -97.269443
78501,26.215816, -98.239592
78503,26.162332, -98.248702
78504,26.271965, -98.236570
78516,26.144539, -98.121312
78520,25.963264, -97.550453
78521,25.943923, -97.317944
78526,25.989042, -97.443339
78535,26.252832, -97.743596
78536,26.649282, -98.451125
78537,26.161900, -98.058657
78538,26.374541, -97.980280
78539,26.280689, -98.183295
78541,26.450354, -98.276866
78542,26.451477, -98.092002
78543,26.297375, -97.999973
78545,26.587174, -99.119871
78548,26.274827, -98.654824
78549,26.457143, -98.035415
78550,26.255523, -97.667502
78552,26.193782, -97.750690
78557,26.113415, -98.241154
78558,26.307831, -98.039361
78559,26.148831, -97.831112
78560,26.242809, -98.494490
78561,26.477435, -97.921496
78562,26.297669, -97.902485
78563,26.654454, -98.259766
78564,26.678196, -99.103088
78565,26.253727, -98.567191
78566,26.148406, -97.370376
78567,26.052713, -97.740451
78569,26.368214, -97.743570
78570,26.174608, -97.912659
78572,26.229223, -98.375450
78573,26.296191, -98.299959
78574,26.318906, -98.370049
78575,26.021760, -97.526109
78576,26.321607, -98.476164
78577,26.151530, -98.189752
78578,26.051625, -97.312767
78579,26.083167, -97.962140
78580,26.487740, -97.738953
78582,26.530903, -98.740235
78583,26.261363, -97.489015
78584,26.573310, -98.962760
78585,26.523344, -99.111146
78586,26.106086, -97.629292
78588,26.737863, -98.397207
78589,26.167843, -98.154834
78590,26.508366, -97.647775
78591,26.582929, -98.521632
78592,26.062006, -97.846971
78593,26.275747, -97.823524
78594,26.345257, -97.794892
78595,26.291408, -98.545486
78596,26.158622, -97.989155
78597,26.235000, -97.271778
78598,26.569308, -97.442331
78602,30.123820, -97.327710
78605,30.773295, -98.045180
78606,30.083786, -98.476159
78607,30.821753, -98.477388
78608,30.936006, -97.934579
78609,30.759723, -98.438345
78610,30.078514, -97.838012
78611,30.801039, -98.283488
78612,30.094098, -97.495104
78613,30.503949, -97.824200
78614,29.410410, -97.587174
78615,30.465454, -97.384111
78616,29.940066, -97.568294
78617,30.147375, -97.600145
78618,30.465163, -99.156225
78619,30.111915, -98.033573
78620,30.224136, -98.134814
78621,30.338584, -97.361224
78622,29.754521, -97.775837
78623,29.971139, -98.228231
78624,30.280938, -98.876683
78626,30.657897, -97.617886
78628,30.664239, -97.776853
78629,29.476842, -97.448940
78631,30.339770, -99.306580
78632,29.696110, -97.470663
78633,30.750244, -97.760498
78634,30.560322, -97.546399
78635,30.182914, -98.566548
78636,30.316898, -98.424992
78638,29.659589, -97.785208
78639,30.672818, -98.442748
78640,29.999103, -97.828207
78641,30.562168, -97.907817
78642,30.690880, -97.941426
78643,30.688543, -98.689889
78644,29.871644, -97.676821
78645,30.449996, -97.971806
78648,29.690184, -97.633555
78650,30.303885, -97.218899
78652,30.132805, -97.874687
78653,30.339696, -97.523512
78654,30.581216, -98.208732
78655,29.816065, -97.835054
78656,29.904511, -97.807308
78657,30.531339, -98.378347
78659,30.207417, -97.125389
78660,30.439630, -97.594687
78661,29.721920, -97.758948
78662,29.925681, -97.426006
78663,30.402261, -98.359569
78664,30.501927, -97.647251
78665,30.543419, -97.645602
78666,29.880162, -97.966164
78669,30.430044, -98.112656
78670,29.773930, -97.816724
78671,30.218956, -98.629901
78672,30.858836, -98.469511
78675,30.434638, -98.707142
78676,30.034449, -98.142776
78677,29.349952, -97.580206
78681,30.534424, -97.725741
78701,30.270569, -97.742589
78702,30.263378, -97.714483
78703,30.293268, -97.766050
78704,30.243032, -97.765081
78705,30.294333, -97.738517
78712,30.282173, -97.731003
78717,30.492408, -97.748324
78719,30.195372, -97.668445
78721,30.269969, -97.683557
78722,30.289963, -97.714696
78723,30.304274, -97.685715
78724,30.292599, -97.618171
78725,30.230011, -97.608576
78726,30.430941, -97.840101
78727,30.429937, -97.717796
78728,30.454170, -97.692183
78729,30.458396, -97.755344
78730,30.370266, -97.836156
78731,30.348236, -97.768136
78732,30.377889, -97.895023
78733,30.321329, -97.884738
78734,30.378736, -97.950592
78735,30.268138, -97.869190
78736,30.261084, -97.959435
78737,30.190246, -97.956906
78738,30.319748, -97.958224
78739,30.178420, -97.888662
78741,30.230506, -97.714185
78742,30.242354, -97.659200
78744,30.176044, -97.727787
78745,30.206851, -97.797384
78746,30.296865, -97.809578
78747,30.126966, -97.739969
78748,30.167110, -97.823998
78749,30.216184, -97.855850
78750,30.418557, -97.802545
78751,30.310782, -97.722759
78752,30.331813, -97.704287
78753,30.382462, -97.673473
78754,30.355657, -97.644682
78756,30.322230, -97.740167
78757,30.351538, -97.732571
78758,30.387979, -97.706853
78759,30.402665, -97.761062
78801,29.362904, -99.898132
78802,29.151012,-100.015870
78827,28.421951, -99.733002
78828,29.867563,-100.018530
78829,28.888748, -99.562652
78830,28.524903, -99.508480
78832,29.395621,-100.439985
78833,29.674700,-100.078588
78834,28.454034, -99.917847
78836,28.301642, -99.704277
78837,29.837220,-101.212436
78838,29.536636, -99.746893
78839,28.718319, -99.823476
78840,29.729903,-100.881337
78843,29.358463,-100.776883
78850,29.285285, -99.329182
78851,30.028067,-101.970461
78852,28.729787,-100.316678
78860,28.478614,-100.278411
78861,29.430007, -99.149034
78870,29.303817, -99.630829
78871,30.006991,-101.654794
78872,28.926452, -99.865146
78873,29.815376, -99.727302
78877,28.951173,-100.593386
78879,29.644470, -99.682471
78880,29.989030,-100.285177
78881,29.383670, -99.529697
78883,29.678299, -99.316603
78884,29.605008, -99.459791
78885,29.809429, -99.540242
78886,29.135837, -99.168888
78931,30.024253, -96.451051
78932,30.164042, -96.718280
78933,29.790645, -96.359065
78934,29.693447, -96.557401
78935,29.695487, -96.424126
78938,29.806557, -96.686537
78940,29.940125, -96.658827
78941,29.727617, -97.158450
78942,30.167624, -96.923038
78943,29.708998, -96.615598
78944,30.027584, -96.496486
78945,29.912267, -96.889573
78946,30.188404, -96.778991
78947,30.420154, -97.035831
78948,30.321105, -96.976365
78949,29.833182, -97.087403
78950,29.904948, -96.482617
78951,29.587283, -96.824373
78953,29.844013, -97.357996
78954,30.043016, -96.699188
78956,29.686272, -96.933626
78957,30.013897, -97.182124
78959,29.700745, -97.301328
78962,29.657572, -96.733177
78963,29.916920, -97.028763
79001,35.339757,-102.794987
79003,35.581845,-100.068724
79005,36.380233,-100.507442
79007,35.706836,-101.398799
79009,34.533282,-102.879628
79010,35.450973,-102.140605
79011,35.634220,-100.231976
79012,35.264761,-102.127678
79013,36.038768,-102.003123
79014,35.908257,-100.285338
79015,34.937472,-101.916036
79016,34.983347,-101.918740
79018,35.748254,-102.213391
79019,35.007100,-101.394035
79021,33.984844,-102.027747
79022,36.098125,-102.606910
79024,36.439773,-100.369084
79025,34.940988,-102.205885
79027,34.408048,-102.419542
79029,35.901966,-102.025897
79031,34.270256,-102.449583
79032,34.282885,-101.941418
79033,36.330040,-100.983997
79034,36.359771,-100.157216
79035,34.690472,-102.784877
79036,35.612828,-101.547377
79039,35.259837,-101.096311
79040,36.318349,-101.559411
79041,34.043255,-101.931966
79042,34.741356,-101.911489
79043,34.368347,-102.134819
79044,35.863447,-102.367722
79045,34.914806,-102.554528
79046,36.163536,-100.121753
79051,36.483086,-102.259356
79052,34.361819,-101.742898
79053,34.408017,-102.579402
79054,35.374819,-100.821516
79056,36.223812,-100.211576
79057,35.246000,-100.642178
79058,35.579500,-101.855136
79059,35.830763,-100.765905
79061,35.524915,-100.442492
79062,36.030479,-101.507597
79063,34.531086,-102.096270
79064,34.195479,-102.119153
79065,35.541234,-100.906572
79068,35.346662,-101.444262
79070,36.269876,-100.794038
79072,34.169757,-101.733850
79078,35.720483,-101.580709
79079,35.208980,-100.242918
79080,35.748650,-101.213702
79081,36.241620,-101.218409
79082,34.224256,-102.287745
79083,35.886172,-101.515093
79084,36.276881,-101.996725
79085,34.740717,-102.514426
79086,36.045957,-101.783727
79087,36.287800,-102.913883
79088,34.580896,-101.697218
79091,34.897796,-102.126227
79092,35.312969,-102.446391
79093,36.289912,-101.033947
79094,34.840077,-101.509700
79095,34.904040,-100.208260
79096,35.437391,-100.196706
79097,35.435886,-101.178360
79098,35.153350,-102.216656
79101,35.206031,-101.839602
79102,35.196340,-101.866250
79103,35.177308,-101.794475
79104,35.202967,-101.788728
79105,35.691238,-101.820831
79106,35.203066,-101.895003
79107,35.230592,-101.802502
79108,35.307898,-101.690933
79109,35.166416,-101.886423
79110,35.145012,-101.876275
79111,35.220501,-101.708127
79118,35.106367,-101.739911
79119,35.109084,-102.017887
79121,35.174696,-101.929737
79124,35.266920,-101.958417
79201,34.437766,-100.280962
79220,33.753501,-100.794632
79225,34.255931, -99.515204
79226,34.900760,-100.994549
79227,33.899685, -99.769784
79229,33.665706,-100.676563
79230,34.702273,-100.069222
79231,33.906379,-101.070036
79233,34.520996,-100.525648
79234,34.230443,-100.935228
79235,33.961932,-101.246145
79236,33.710684,-100.384217
79237,34.918283,-100.645545
79239,34.655623,-100.763893
79240,34.886066,-100.779931
79241,34.179633,-101.387813
79243,33.774479,-100.990114
79244,34.030397,-100.843759
79245,34.855772,-100.510099
79247,34.329813, -99.409069
79248,33.994322,-100.287247
79250,33.877689,-101.594755
79251,34.943421,-100.451566
79252,34.304335, -99.818916
79255,34.349913,-101.050762
79256,33.900389,-100.745875
79257,34.457478,-101.287161
79258,34.228291,-101.288735
79259,34.398492,-100.472927
79261,34.447226,-100.809848
79311,33.857882,-101.881538
79312,34.019064,-102.419954
79313,33.804892,-102.162291
79314,33.584900,-103.014510
79316,33.137907,-102.326183
79322,33.633175,-101.178516
79323,32.945746,-102.869403
79324,33.897884,-102.682490
79325,34.424608,-102.943742
79326,34.077938,-102.216144
79329,33.715143,-101.674963
79330,33.040784,-101.224946
79331,32.695214,-102.009570
79336,33.603903,-102.398414
79339,33.889082,-102.337301
79342,32.908208,-102.336600
79343,33.658671,-101.531037
79344,33.844961,-102.930411
79345,33.337542,-102.331350
79346,33.648086,-102.824958
79347,34.172560,-102.789410
79350,33.731452,-101.825895
79351,32.927010,-101.764414
79353,33.783518,-102.581946
79355,33.181663,-102.876729
79356,33.285890,-101.339267
79357,33.611886,-101.404701
79358,33.442185,-102.195033
79359,32.971141,-102.586555
79360,32.689820,-102.724661
79363,33.707731,-102.045021
79364,33.452358,-101.644072
79366,33.530315,-101.685343
79367,33.621453,-102.190786
79369,33.955743,-102.145171
79370,33.507585,-100.908386
79371,33.952621,-102.966213
79372,33.434243,-102.488401
79373,33.182577,-101.827198
79376,33.233860,-102.673107
79377,32.929648,-102.133506
79378,33.058133,-102.474677
79379,33.510507,-102.646422
79380,33.735629,-102.332216
79381,33.312912,-101.770523
79382,33.455287,-102.014055
79401,33.588771,-101.850444
79403,33.643505,-101.775447
79404,33.527702,-101.793717
79406,33.585909,-101.878382
79407,33.566862,-102.079243
79410,33.570071,-101.891011
79411,33.570034,-101.857733
79412,33.546383,-101.856516
79413,33.547402,-101.885644
79414,33.547794,-101.920230
79415,33.700795,-101.896988
79416,33.600031,-101.982853
79423,33.439976,-101.855463
79424,33.468167,-101.947592
79501,32.747863, -99.905394
79502,33.183064,-100.245133
79503,32.868609, -99.692923
79504,32.335802, -99.350571
79505,33.577057, -99.809712
79506,32.106426,-100.313408
79508,32.274081, -99.826041
79510,32.266413, -99.518894
79511,32.415915,-101.250314
79512,32.304117,-100.924392
79517,32.879511,-101.246784
79518,33.341053,-100.714732
79519,32.049869, -99.693761
79520,32.857153,-100.124111
79521,33.122685, -99.650389
79525,32.630369, -99.830593
79526,32.636295,-100.716880
79527,32.593166,-101.059442
79528,33.192636,-100.893642
79529,33.431837, -99.853667
79530,32.118932, -99.748801
79532,32.404869,-100.711396
79533,32.857171, -99.551490
79534,32.764338,-100.211992
79535,32.223438,-100.479835
79536,32.473616,-100.032549
79537,32.291861,-100.210748
79538,31.970613, -99.684164
79539,33.361114, -99.876875
79540,33.169164,-100.040999
79541,32.147788, -99.810223
79543,32.714330,-100.407773
79544,33.301509, -99.852900
79545,32.415212,-100.573539
79546,32.891818,-100.498206
79547,33.197744, -99.905443
79548,33.049768, -99.918963
79549,32.887589,-100.841389
79553,32.940911, -99.850964
79556,32.458787,-100.357939
79560,32.665235,-100.213046
79561,32.515491,-100.195108
79562,32.236251, -99.866451
79563,32.415823, -99.906230
79565,32.397372,-101.087816
79566,32.109022,-100.134603
79567,31.972434, -99.950294
79601,32.576489, -99.665323
79602,32.335677, -99.667488
79603,32.333551, -99.927724
79605,32.434599, -99.781827
79606,32.362783, -99.817314
79607,32.430350, -99.832641
79699,32.462235, -99.715894
79701,31.992384,-102.081464
79703,31.979427,-102.132366
79705,32.051210,-102.059633
79706,31.848988,-102.005075
79707,32.043685,-102.198726
79713,32.489818,-101.754488
79714,32.335729,-102.697303
79718,31.004969,-103.759065
79719,31.460655,-103.404137
79720,32.253541,-101.472640
79730,31.169521,-103.085135
79731,31.422796,-102.487774
79733,32.102911,-101.365434
79734,30.686139,-103.960150
79735,30.747459,-102.790792
79738,32.751934,-101.474837
79739,31.769325,-101.506391
79741,31.969312,-102.630882
79742,31.342040,-102.868447
79743,31.185703,-102.593762
79744,30.922006,-101.970261
79745,31.831415,-103.055986
79748,32.408047,-101.651732
79749,32.289048,-101.871764
79752,31.228870,-102.162001
79754,31.803547,-103.599914
79755,31.517628,-101.918007
79756,31.540255,-102.844644
79758,31.970431,-102.320746
79759,31.799171,-102.632933
79761,31.855051,-102.350647
79762,31.925466,-102.357932
79763,31.799158,-102.474090
79764,31.866262,-102.537544
79765,31.914390,-102.262512
79766,31.725171,-102.413607
79770,31.875118,-103.933311
79772,31.422363,-103.627309
79777,31.484586,-103.161046
79778,31.176246,-101.923824
79780,31.061959,-103.592093
79781,30.596998,-101.784530
79782,32.149838,-101.826743
79783,32.321673,-102.042298
79785,31.327482,-103.906799
79788,31.582140,-102.977116
79789,31.696251,-103.138992
79821,31.980053,-106.598777
79830,29.802094,-103.222360
79831,30.429399,-103.325765
79834,29.166114,-103.270536
79835,31.936406,-106.589725
79836,31.572550,-106.198866
79837,32.233577,-105.286558
79838,31.482839,-106.168049
79839,31.333177,-105.902546
79842,30.085732,-103.117740
79843,30.285296,-104.005761
79845,29.888046,-104.519139
79846,29.387969,-103.990395
79847,31.835905,-105.052957
79848,30.261302,-102.301073
79849,31.560649,-106.250112
79851,31.278279,-105.311660
79852,29.396230,-103.617232
79853,31.434058,-106.063238
79854,30.591270,-104.660157
79855,31.093480,-104.624514
79901,31.760618,-106.478578
79902,31.783715,-106.498544
79903,31.786182,-106.441937
79904,31.852764,-106.447636
79905,31.766054,-106.426202
79906,31.810651,-106.404743
79907,31.707231,-106.326563
79908,31.857201,-106.380388
79911,31.892466,-106.542596
79912,31.848583,-106.534316
79915,31.746041,-106.371426
79916,31.814157,-106.418030
79920,31.824725,-106.451727
79922,31.814165,-106.561298
79924,31.902442,-106.413245
79925,31.796950,-106.356880
79927,31.640206,-106.268949
79928,31.631426,-106.160065
79930,31.829304,-106.483334
79932,31.874964,-106.607988
79934,31.950670,-106.433518
79935,31.767715,-106.329332
79936,31.776593,-106.296976
79938,31.829712,-105.971362
79942,30.575618,-101.331239
